'use client';

import React from 'react';
import { Heatmap01 } from '../../heatmap-01';

// 9 assets: major equity indices, rates, commodities, and crypto
const labels = ['SPY', 'QQQ', 'IWM', 'TLT', 'HYG', 'GLD', 'OIL', 'BTC', 'VIX'];

// Realistic correlation matrices across different lookback windows
// Row/col order matches labels above
const m1m: number[][] = [
    //  SPY     QQQ     IWM     TLT     HYG     GLD     OIL     BTC     VIX
    [1.00, 0.97, 0.91, -0.25, 0.82, 0.07, 0.34, 0.42, -0.79], // SPY
    [0.97, 1.00, 0.86, -0.21, 0.78, 0.04, 0.29, 0.45, -0.74], // QQQ
    [0.91, 0.86, 1.00, -0.32, 0.76, 0.09, 0.38, 0.36, -0.72], // IWM
    [-0.25, -0.21, -0.32, 1.00, -0.18, 0.27, 0.03, -0.14, 0.34], // TLT
    [0.82, 0.78, 0.76, -0.18, 1.00, 0.11, 0.44, 0.33, -0.65], // HYG
    [0.07, 0.04, 0.09, 0.27, 0.11, 1.00, 0.22, 0.18, 0.01], // GLD
    [0.34, 0.29, 0.38, 0.03, 0.44, 0.22, 1.00, 0.27, -0.28], // OIL
    [0.42, 0.45, 0.36, -0.14, 0.33, 0.18, 0.27, 1.00, -0.41], // BTC
    [-0.79, -0.74, -0.72, 0.34, -0.65, 0.01, -0.28, -0.41, 1.00], // VIX
];

const m3m: number[][] = [
    [1.00, 0.95, 0.88, -0.22, 0.79, 0.04, 0.31, 0.38, -0.76],
    [0.95, 1.00, 0.83, -0.19, 0.74, 0.02, 0.25, 0.41, -0.71],
    [0.88, 0.83, 1.00, -0.28, 0.72, 0.06, 0.35, 0.33, -0.69],
    [-0.22, -0.19, -0.28, 1.00, -0.15, 0.24, 0.06, -0.11, 0.31],
    [0.79, 0.74, 0.72, -0.15, 1.00, 0.09, 0.41, 0.29, -0.61],
    [0.04, 0.02, 0.06, 0.24, 0.09, 1.00, 0.19, 0.17, 0.03],
    [0.31, 0.25, 0.35, 0.06, 0.41, 0.19, 1.00, 0.24, -0.25],
    [0.38, 0.41, 0.33, -0.11, 0.29, 0.17, 0.24, 1.00, -0.44],
    [-0.76, -0.71, -0.69, 0.31, -0.61, 0.03, -0.25, -0.44, 1.00],
];

const m6m: number[][] = [
    [1.00, 0.93, 0.85, -0.18, 0.75, 0.09, 0.27, 0.32, -0.72],
    [0.93, 1.00, 0.80, -0.15, 0.70, 0.06, 0.22, 0.35, -0.67],
    [0.85, 0.80, 1.00, -0.24, 0.68, 0.11, 0.31, 0.27, -0.64],
    [-0.18, -0.15, -0.24, 1.00, -0.11, 0.21, 0.09, -0.07, 0.27],
    [0.75, 0.70, 0.68, -0.11, 1.00, 0.12, 0.37, 0.25, -0.57],
    [0.09, 0.06, 0.11, 0.21, 0.12, 1.00, 0.25, 0.21, 0.06],
    [0.27, 0.22, 0.31, 0.09, 0.37, 0.25, 1.00, 0.19, -0.21],
    [0.32, 0.35, 0.27, -0.07, 0.25, 0.21, 0.19, 1.00, -0.39],
    [-0.72, -0.67, -0.64, 0.27, -0.57, 0.06, -0.21, -0.39, 1.00],
];

const m1y: number[][] = [
    [1.00, 0.91, 0.82, -0.14, 0.71, 0.12, 0.23, 0.24, -0.68],
    [0.91, 1.00, 0.77, -0.11, 0.65, 0.09, 0.18, 0.28, -0.62],
    [0.82, 0.77, 1.00, -0.19, 0.63, 0.14, 0.27, 0.21, -0.60],
    [-0.14, -0.11, -0.19, 1.00, -0.08, 0.18, 0.11, -0.04, 0.22],
    [0.71, 0.65, 0.63, -0.08, 1.00, 0.14, 0.33, 0.20, -0.52],
    [0.12, 0.09, 0.14, 0.18, 0.14, 1.00, 0.28, 0.24, 0.09],
    [0.23, 0.18, 0.27, 0.11, 0.33, 0.28, 1.00, 0.15, -0.18],
    [0.24, 0.28, 0.21, -0.04, 0.20, 0.24, 0.15, 1.00, -0.33],
    [-0.68, -0.62, -0.60, 0.22, -0.52, 0.09, -0.18, -0.33, 1.00],
];

export function PortfolioCorrelationExample() {
    return (
        <Heatmap01
            labels={labels}
            periods={[
                { label: '1M', matrix: m1m, description: '1-month rolling correlations · daily returns · Feb 28, 2026' },
                { label: '3M', matrix: m3m, description: '3-month rolling correlations · daily returns · Feb 28, 2026' },
                { label: '6M', matrix: m6m, description: '6-month rolling correlations · daily returns · Feb 28, 2026' },
                { label: '1Y', matrix: m1y, description: '1-year rolling correlations · daily returns · Feb 28, 2026' },
            ]}
            title="Cross-Asset Correlation Matrix"
            showValues
            decimals={2}
            triangle="lower"
            maskBelow={0.15}
        />
    );
}
